%this is the neighbours I made for the test
neighbours = [1 1 1 0 0
               1 1 1 1 1 
               1 1 1 1 0
               0 1 1 1 1
               0 1 0 1 1];